round 1   (5.118856544836223, ([0.4006710767678472, 0.87681797881712, -0.9697581528836157, 0.6800209485726976, -0.9298009487590839, -0.5425537409761829, -0.548247945148923, -0.8221617045215805, 0.3973557911481982, -0.250649616877864, -0.7618273333399037, -0.35821238607068984, -0.3666563400409375, 0.5623092598028854], [-0.7327209207523819, -0.06242259988630616, -0.5058417303518274, -0.18935361730546107, 0.4400512135886354, -0.5042013523005062, 0.28038186263334164, 0.5255666169206905, 0.4248323822798177, 0.009898035581530351, 0.25158651455128633, -0.5461013898771823, 0.6790336329364288, 0.5050574620646555]))  
round 1  average_fit 5.482843419509961  
round 2   (4.968510033326942, ([0.4006710767678472, 0.87681797881712, -0.9697581528836157, 0.6800209485726976, -0.9298009487590839, -0.5425537409761829, -0.548247945148923, -0.8221617045215805, 0.3973557911481982, -0.250649616877864, -0.7618273333399037, -0.35821238607068984, -0.3666563400409375, 0.5623092598028854], [-0.7327209207523819, -0.06242259988630616, -0.5058417303518274, -0.18935361730546107, 0.4400512135886354, -0.5042013523005062, 0.28038186263334164, 0.5255666169206905, 0.4248323822798177, 0.009898035581530351, 0.25158651455128633, -0.5461013898771823, 0.6790336329364288, 0.505057462064655]))  
round 2  average_fit 5.149967498544069  
round 1   (5.189844678676146, ([0.2752841746120882, -0.28216686250023937, -0.12130214002069684, -0.0008802183242593298, 0.8723977061157773, -0.5862397031300559], [-0.31675644509604983, 0.8610114874793617, -0.7571710186061693, 0.11151180381896109, 0.9432261646133744, -0.9645272692691782]))  
round 1  average_fit 5.553043714278939  
round 2   (5.0701908185027635, ([0.2752841746120882, -0.28216686250023937, -0.12130214002069684, -0.0008802183242593298, 0.8723977061157773, -0.5862397031300559], [-0.31675644509604983, 0.8610114874793617, -0.7571710186061693, 0.11151180381896109, 0.9432261646133744, -0.9645272692691782]))  
round 2  average_fit 5.351337601089049  
round 3   (4.994442238535747, ([0.012279507502302556, -0.5044024697325775, -0.23429765883894005, -0.031046015682970607, 0.967775022189955, 0.537431018028238], [-0.5435222781244198, 0.2521496378604682, -0.3329038074064239, -0.2945467776373907, -0.5912321201672015, 0.952894760995316]))  
round 3  average_fit 5.324613634836108  
round 4   (4.91169086371046, ([0.012279507502302556, -0.5044024697325775, -0.23429765883894005, -0.031046015682970607, 0.967775022189955, 0.537431018028238], [-0.5435222781244198, 0.2521496378604682, -0.3329038074064239, -0.2945467776373907, -0.5912321201672015, 0.952894760995316]))  
round 4  average_fit 5.1970628266572145  
round 5   (4.923685006329581, ([0.012279507502302556, -0.5044024697325775, -0.23429765883894005, -0.031046015682970607, 0.967775022189955, 0.537431018028238], [-0.5435222781244198, 0.2521496378604682, -0.3329038074064239, -0.2945467776373907, -0.5912321201672015, 0.952894760995316]))  
round 5  average_fit 5.1678635008187515  
round 6   (4.924383277170484, ([0.012279507502302556, -0.5044024697325775, -0.23429765883894005, -0.031046015682970607, 0.967775022189955, 0.537431018028238], [-0.5435222781244198, 0.2521496378604682, -0.3329038074064239, -0.2945467776373907, -0.5912321201672015, 0.952894760995316]))  
round 6  average_fit 5.194380486130152  
round 7   (4.761337202629694, ([0.012279507502302556, -0.5044024697325775, -0.23429765883894005, -0.031046015682970607, 0.967775022189955, 0.537431018028238], [-0.5435222781244198, 0.2521496378604682, -0.3329038074064239, -0.2945467776373907, -0.5912321201672015, 0.952894760995316]))  
round 7  average_fit 5.1836191716409035  
round 8   (4.832137983799718, ([0.012279507502302556, -0.5044024697325775, -0.23429765883894005, -0.031046015682970607, 0.967775022189955, 0.537431018028238], [-0.5435222781244198, 0.2521496378604682, -0.3329038074064239, -0.2945467776373907, -0.5912321201672015, 0.952894760995316]))  
round 8  average_fit 5.140322843181598  
round 9   (4.782347471712958, ([0.012279507502302556, -0.5044024697325775, -0.23429765883894005, -0.031046015682970607, 0.967775022189955, 0.537431018028238], [-0.5435222781244198, 0.2521496378604682, -0.3329038074064239, -0.2945467776373907, -0.5912321201672015, 0.952894760995316]))  
round 9  average_fit 5.172646258638607  
round 10   (4.738772391139339, ([0.012279507502302556, -0.5044024697325775, -0.23429765883894005, -0.031046015682970607, 0.967775022189955, 0.537431018028238], [-0.5435222781244198, 0.2521496378604682, -0.3329038074064239, -0.2945467776373907, -0.5912321201672015, 0.952894760995316]))  
round 10  average_fit 5.129516410168685  
round 11   (4.712139104004667, ([0.04356368066551197, 0.35447681945443343, 0.39846614271962966, 0.12264411713896117, 0.9230617055035175, -0.5569829568420488], [-0.7652802905235723, 0.5737317799497863, -0.7953602754247955, -0.9858759030917024, 0.004475598036323358, -0.6582766144698726]))  
round 11  average_fit 5.1272862500975425  
round 12   (4.736252988587783, ([0.04356368066551197, 0.35447681945443343, 0.39846614271962966, 0.12264411713896117, 0.9230617055035175, -0.5569829568420488], [-0.7652802905235723, 0.5737317799497863, -0.7953602754247955, -0.9858759030917024, 0.004475598036323358, -0.6582766144698726]))  
round 12  average_fit 5.108137849052647  
round 13   (4.6882010701396615, ([0.04356368066551197, 0.35447681945443343, 0.39846614271962966, 0.12264411713896117, 0.9230617055035175, -0.5569829568420488], [-0.7652802905235723, 0.5737317799497863, -0.7953602754247955, -0.9858759030917024, 0.004475598036323358, -0.6582766144698726]))  
round 13  average_fit 5.074207184169785  
round 14   (4.64438928803204, ([0.04356368066551197, 0.35447681945443343, 0.39846614271962966, 0.12264411713896117, 0.9230617055035175, -0.5569829568420488], [-0.7652802905235723, 0.5737317799497863, -0.7953602754247955, -0.9858759030917024, 0.004475598036323358, -0.6582766144698726]))  
round 14  average_fit 5.0114369306666315  
round 15   (4.595241909177978, ([0.04356368066551197, 0.35447681945443343, 0.39846614271962966, 0.12264411713896117, 0.9230617055035175, -0.5569829568420488], [-0.7652802905235723, 0.5737317799497863, -0.7953602754247955, -0.9858759030917024, 0.004475598036323358, -0.6582766144698726]))  
round 15  average_fit 4.964583376345582  
round 16   (4.611680658947545, ([0.04356368066551197, 0.35447681945443343, 0.39846614271962966, 0.12264411713896117, 0.9230617055035175, -0.5569829568420488], [-0.7652802905235723, 0.5737317799497863, -0.7953602754247955, -0.9858759030917024, 0.004475598036323358, -0.6582766144698726]))  
round 16  average_fit 4.989095020844683  
round 17   (4.241794515528763, ([0.04356368066551197, 0.35447681945443343, 0.39846614271962966, 0.12264411713896117, 0.9230617055035175, -0.5569829568420488], [-0.7652802905235723, 0.5737317799497863, -0.7953602754247955, -0.9858759030917024, 0.004475598036323358, -0.6582766144698726]))  
round 17  average_fit 4.961908827192613  
round 18   (4.580361334561698, ([0.04356368066551197, 0.35447681945443343, 0.39846614271962966, 0.12264411713896117, 0.9230617055035175, -0.5569829568420488], [-0.7652802905235723, 0.5737317799497863, -0.7953602754247955, -0.9858759030917024, 0.004475598036323358, -0.6582766144698726]))  
round 18  average_fit 4.958749173158419  
round 19   (4.5802157094256195, ([0.04356368066551197, 0.35447681945443343, 0.39846614271962966, 0.12264411713896117, 0.9230617055035175, -0.5569829568420488], [-0.7652802905235723, 0.5737317799497863, -0.7953602754247955, -0.9858759030917024, 0.004475598036323358, -0.6582766144698726]))  
round 19  average_fit 4.951074732553725  
round 20   (4.496490689227728, ([0.04356368066551197, 0.35447681945443343, 0.39846614271962966, 0.12264411713896117, 0.9230617055035175, -0.5569829568420488], [-0.7652802905235723, 0.5737317799497863, -0.7953602754247955, -0.9858759030917024, 0.004475598036323358, -0.6582766144698726]))  
round 20  average_fit 4.873007329982318  
round 21   (4.4940163425625155, ([0.04356368066551197, 0.35447681945443343, 0.39846614271962966, 0.12264411713896117, 0.9230617055035175, -0.5569829568420488], [-0.7652802905235723, 0.5737317799497863, -0.7953602754247955, -0.9858759030917024, 0.004475598036323358, -0.6582766144698726]))  
round 21  average_fit 4.879979373283364  
round 22   (4.496490689227728, ([0.04356368066551197, 0.35447681945443343, 0.39846614271962966, 0.12264411713896117, 0.9230617055035175, -0.5569829568420488], [-0.7652802905235723, 0.5737317799497863, -0.7953602754247955, -0.9858759030917024, 0.004475598036323358, -0.6582766144698726]))  
round 22  average_fit 4.850518735827772  
round 23   (4.362111247496291, ([0.04356368066551197, 0.35447681945443343, 0.39846614271962966, 0.12264411713896117, 0.9230617055035175, -0.5569829568420488], [-0.7652802905235723, 0.5737317799497863, -0.7953602754247955, -0.9858759030917024, 0.004475598036323358, -0.6582766144698726]))  
round 23  average_fit 4.866753222002659  
round 24   (4.434560426214813, ([0.04356368066551197, 0.35447681945443343, 0.39846614271962966, 0.12264411713896117, 0.9230617055035175, -0.5569829568420488], [-0.7652802905235723, 0.5737317799497863, -0.7953602754247955, -0.9858759030917024, 0.004475598036323358, -0.6582766144698726]))  
round 24  average_fit 4.806685911460903  
round 25   (4.360885212461659, ([0.04356368066551197, 0.35447681945443343, 0.39846614271962966, 0.12264411713896117, 0.9230617055035175, -0.5569829568420488], [-0.7652802905235723, 0.5737317799497863, -0.7953602754247955, -0.9858759030917024, 0.004475598036323358, -0.6582766144698726]))  
round 25  average_fit 4.8632075372990915  
round 26   (4.415096523553288, ([0.04356368066551197, 0.35447681945443343, 0.39846614271962966, 0.12264411713896117, 0.9230617055035175, -0.5569829568420488], [-0.7652802905235723, 0.5737317799497863, -0.7953602754247955, -0.9858759030917024, 0.004475598036323358, -0.6582766144698726]))  
round 26  average_fit 4.856808114837284  
round 27   (4.2923003171065135, ([0.04356368066551197, 0.35447681945443343, 0.39846614271962966, 0.12264411713896117, 0.9230617055035175, -0.5569829568420488], [-0.7652802905235723, 0.5737317799497863, -0.7953602754247955, -0.9858759030917024, 0.004475598036323358, -0.6582766144698726]))  
round 27  average_fit 4.696610513836692  
round 28   (4.219170305397817, ([0.04356368066551197, 0.35447681945443343, 0.39846614271962966, 0.12264411713896117, 0.9230617055035175, -0.5569829568420488], [-0.7652802905235723, 0.5737317799497863, -0.7953602754247955, -0.9858759030917024, 0.004475598036323358, -0.6582766144698726]))  
round 28  average_fit 4.787333646957512  
round 29   (4.231503135772315, ([0.04356368066551197, 0.35447681945443343, 0.39846614271962966, 0.12264411713896117, 0.9230617055035175, -0.5569829568420488], [-0.7652802905235723, 0.5737317799497863, -0.7953602754247955, -0.9858759030917024, 0.004475598036323358, -0.6582766144698726]))  
round 29  average_fit 4.806754885915451  
round 30   (4.26672374030579, ([0.04356368066551197, 0.35447681945443343, 0.39846614271962966, 0.12264411713896117, 0.9230617055035175, -0.5569829568420488], [-0.7652802905235723, 0.5737317799497863, -0.7953602754247955, -0.9858759030917024, 0.004475598036323358, -0.6582766144698726]))  
round 30  average_fit 4.723081349374727  
round 31   (4.140939759953068, ([0.04356368066551197, 0.35447681945443343, 0.39846614271962966, 0.12264411713896117, 0.9230617055035175, -0.5569829568420488], [-0.7652802905235723, 0.5737317799497863, -0.7953602754247955, -0.9858759030917024, 0.004475598036323358, -0.6582766144698726]))  
round 31  average_fit 4.69151366504857  
round 32   (4.185306637316884, ([0.04356368066551197, 0.08048504434280601, -0.9331029094657304, -0.06700173848074154, 0.9899347493136126, 0.012550400696357933], [-0.5573865701723066, 0.5737317799497863, -0.7953602754247955, 0.9918851480039386, -0.8114113424844109, 0.9532034803588676]))  
round 32  average_fit 4.754410792379968  
round 33   (4.161733917277832, ([0.04356368066551197, 0.08048504434280601, -0.9331029094657304, -0.06700173848074154, 0.9899347493136126, 0.012550400696357933], [-0.5573865701723066, 0.5737317799497863, -0.7953602754247955, 0.9918851480039386, -0.8114113424844109, 0.9532034803588676]))  
round 33  average_fit 4.756494938109099  
round 34   (4.20693124295213, ([0.04356368066551197, 0.08048504434280601, -0.9331029094657304, -0.06700173848074154, 0.9899347493136126, 0.012550400696357933], [-0.5573865701723066, 0.5737317799497863, -0.7953602754247955, 0.9918851480039386, -0.8114113424844109, 0.9532034803588676]))  
round 34  average_fit 4.664054174420867  
round 35   (4.189541734075217, ([0.04356368066551197, 0.08048504434280601, -0.9331029094657304, -0.06700173848074154, 0.9899347493136126, 0.012550400696357933], [-0.5573865701723066, 0.5737317799497863, -0.7953602754247955, 0.9918851480039386, -0.8114113424844109, 0.9532034803588676]))  
round 35  average_fit 4.776046725155294  
round 36   (4.111312961896668, ([0.04356368066551197, 0.08048504434280601, -0.9331029094657304, -0.06700173848074154, 0.9899347493136126, 0.012550400696357933], [-0.5573865701723066, 0.5737317799497863, -0.7953602754247955, 0.9918851480039386, -0.8114113424844109, 0.9532034803588676]))  
round 36  average_fit 4.654590206408032  
round 37   (4.154249216322412, ([0.04356368066551197, 0.08048504434280601, -0.9331029094657304, -0.06700173848074154, 0.9899347493136126, 0.012550400696357933], [-0.5573865701723066, 0.5737317799497863, -0.7953602754247955, 0.9918851480039386, -0.8114113424844109, 0.9532034803588676]))  
round 37  average_fit 4.697159233136631  
round 38   (4.028363238794993, ([0.04356368066551197, 0.08048504434280601, -0.9331029094657304, -0.06700173848074154, 0.9899347493136126, 0.012550400696357933], [-0.5573865701723066, 0.5737317799497863, -0.7953602754247955, 0.9918851480039386, -0.8114113424844109, 0.9532034803588676]))  
round 38  average_fit 4.6109769730042345  
round 39   (4.135931854108761, ([0.04356368066551197, 0.08048504434280601, -0.9331029094657304, -0.06700173848074154, 0.9899347493136126, 0.012550400696357933], [-0.5573865701723066, 0.5737317799497863, -0.7953602754247955, 0.9918851480039386, -0.8114113424844109, 0.9532034803588676]))  
round 39  average_fit 4.708355946534699  
round 40   (4.111312961896668, ([0.04356368066551197, 0.08048504434280601, -0.9331029094657304, -0.06700173848074154, 0.9899347493136126, 0.012550400696357933], [-0.5573865701723066, 0.5737317799497863, -0.7953602754247955, 0.9918851480039386, -0.8114113424844109, 0.9532034803588676]))  
round 40  average_fit 4.668345001870596  
round 41   (4.111312961896668, ([0.04356368066551197, 0.08048504434280601, -0.9331029094657304, -0.06700173848074154, 0.9899347493136126, 0.012550400696357933], [-0.5573865701723066, 0.5737317799497863, -0.7953602754247955, 0.9918851480039386, -0.8114113424844109, 0.9532034803588676]))  
round 41  average_fit 4.554750360723916  
round 42   (4.083799722317304, ([0.04356368066551197, 0.08048504434280601, -0.9331029094657304, -0.06700173848074154, 0.9899347493136126, 0.012550400696357933], [-0.5573865701723066, 0.5737317799497863, -0.7953602754247955, 0.9918851480039386, -0.8114113424844109, 0.9532034803588676]))  
round 42  average_fit 4.581493675034826  
round 43   (4.013352258208341, ([0.04356368066551197, 0.08048504434280601, -0.9331029094657304, -0.06700173848074154, 0.9899347493136126, 0.012550400696357933], [-0.5573865701723066, 0.5737317799497863, -0.7953602754247955, 0.9918851480039386, -0.8114113424844109, 0.9532034803588676]))  
round 43  average_fit 4.576459998894197  
round 44   (3.992286318646949, ([0.04356368066551197, 0.08048504434280601, -0.9331029094657304, -0.06700173848074154, 0.9899347493136126, 0.012550400696357933], [-0.5573865701723066, 0.5737317799497863, -0.7953602754247955, 0.9918851480039386, -0.8114113424844109, 0.9532034803588676]))  
round 44  average_fit 4.595239315685721  
round 45   (3.981293886767133, ([0.04356368066551197, 0.08048504434280601, -0.9331029094657304, -0.06700173848074154, 0.9899347493136126, 0.012550400696357933], [-0.5573865701723066, 0.5737317799497863, -0.7953602754247955, 0.9918851480039386, -0.8114113424844109, 0.9532034803588676]))  
round 45  average_fit 4.50661418318855  
round 46   (3.981293886767133, ([0.04356368066551197, 0.08048504434280601, -0.9331029094657304, -0.06700173848074154, 0.9899347493136126, 0.012550400696357933], [-0.5573865701723066, 0.5737317799497863, -0.7953602754247955, 0.9918851480039386, -0.8114113424844109, 0.9532034803588676]))  
round 46  average_fit 4.456484650220159  
round 47   (3.9623261348742793, ([0.04356368066551197, 0.08048504434280601, -0.9331029094657304, -0.06700173848074154, 0.9899347493136126, 0.012550400696357933], [-0.5573865701723066, 0.5737317799497863, -0.7953602754247955, 0.9918851480039386, -0.8114113424844109, 0.9532034803588676]))  
round 47  average_fit 4.361350737974461  
round 48   (3.953660803458503, ([0.04356368066551197, 0.08048504434280601, -0.9331029094657304, -0.06700173848074154, 0.9899347493136126, 0.012550400696357933], [-0.5573865701723066, 0.5737317799497863, -0.7953602754247955, 0.9918851480039386, -0.8114113424844109, 0.9532034803588676]))  
round 48  average_fit 4.363762296178957  
round 49   (3.953660803458503, ([0.04356368066551197, 0.08048504434280601, -0.9331029094657304, -0.06700173848074154, 0.9899347493136126, 0.012550400696357933], [-0.5573865701723066, 0.5737317799497863, -0.7953602754247955, 0.9918851480039386, -0.8114113424844109, 0.9532034803588676]))  
round 49  average_fit 4.532180795966696  
round 50   (3.953660803458503, ([0.04356368066551197, 0.08048504434280601, -0.9331029094657304, -0.06700173848074154, 0.9899347493136126, 0.012550400696357933], [-0.5573865701723066, 0.5737317799497863, -0.7953602754247955, 0.9918851480039386, -0.8114113424844109, 0.9532034803588676]))  
round 50  average_fit 4.371911443209836  
round 51   (3.9531035124730063, ([0.04356368066551197, 0.08048504434280601, -0.9331029094657304, -0.06700173848074154, 0.9899347493136126, 0.012550400696357933], [-0.5573865701723066, 0.5737317799497863, -0.7953602754247955, 0.9918851480039386, -0.8114113424844109, 0.9532034803588676]))  
round 51  average_fit 4.356934273497318  
round 52   (3.932739991723935, ([0.04356368066551197, 0.08048504434280601, -0.9331029094657304, -0.06700173848074154, 0.9899347493136126, 0.012550400696357933], [-0.5573865701723066, 0.5737317799497863, -0.7953602754247955, 0.9918851480039386, -0.8114113424844109, 0.9532034803588676]))  
round 52  average_fit 4.407218070821137  
round 53   (3.932739991723935, ([0.04356368066551197, 0.08048504434280601, -0.9331029094657304, -0.06700173848074154, 0.9899347493136126, 0.012550400696357933], [-0.5573865701723066, 0.5737317799497863, -0.7953602754247955, 0.9918851480039386, -0.8114113424844109, 0.9532034803588676]))  
round 53  average_fit 4.319845016567197  
round 54   (3.932739991723935, ([0.04356368066551197, 0.08048504434280601, -0.9331029094657304, -0.06700173848074154, 0.9899347493136126, 0.012550400696357933], [-0.5573865701723066, 0.5737317799497863, -0.7953602754247955, 0.9918851480039386, -0.8114113424844109, 0.9532034803588676]))  
round 54  average_fit 4.409648017432726  
round 55   (3.874635735699855, ([0.04356368066551197, 0.08048504434280601, -0.9331029094657304, -0.06700173848074154, 0.9899347493136126, 0.012550400696357933], [-0.5573865701723066, 0.5737317799497863, -0.7953602754247955, 0.9918851480039386, -0.8114113424844109, 0.9532034803588676]))  
round 55  average_fit 4.451504981654354  
round 56   (3.906621817177175, ([0.04356368066551197, 0.08048504434280601, -0.9331029094657304, -0.06700173848074154, 0.9899347493136126, 0.012550400696357933], [-0.5573865701723066, 0.5737317799497863, -0.7953602754247955, 0.9918851480039386, -0.8114113424844109, 0.9532034803588676]))  
round 56  average_fit 4.4429017643247555  
round 57   (3.874635735699855, ([0.04356368066551197, 0.08048504434280601, -0.9331029094657304, -0.06700173848074154, 0.9899347493136126, 0.012550400696357933], [-0.5573865701723066, 0.5737317799497863, -0.7953602754247955, 0.9918851480039386, -0.8114113424844109, 0.9532034803588676]))  
round 57  average_fit 4.430671140998317  
round 58   (3.874635735699855, ([0.04356368066551197, 0.08048504434280601, -0.9331029094657304, -0.06700173848074154, 0.9899347493136126, 0.012550400696357933], [-0.5573865701723066, 0.5737317799497863, -0.7953602754247955, 0.9918851480039386, -0.8114113424844109, 0.9532034803588676]))  
round 58  average_fit 4.394591674406796  
round 59   (3.8011126889963025, ([0.04356368066551197, 0.08048504434280601, -0.9331029094657304, -0.06700173848074154, 0.9899347493136126, 0.012550400696357933], [-0.5573865701723066, 0.5737317799497863, -0.7953602754247955, 0.9918851480039386, -0.8114113424844109, 0.9532034803588676]))  
round 59  average_fit 4.5555633008924366  
round 60   (3.874635735699855, ([0.04356368066551197, 0.08048504434280601, -0.9331029094657304, -0.06700173848074154, 0.9899347493136126, 0.012550400696357933], [-0.5573865701723066, 0.5737317799497863, -0.7953602754247955, 0.9918851480039386, -0.8114113424844109, 0.9532034803588676]))  
round 60  average_fit 4.277160501900191  
round 61   (3.8450479903737054, ([0.04356368066551197, 0.08048504434280601, -0.9331029094657304, -0.06700173848074154, 0.9899347493136126, 0.012550400696357933], [-0.5573865701723066, 0.5737317799497863, -0.7953602754247955, 0.9918851480039386, -0.8114113424844109, 0.9532034803588676]))  
round 61  average_fit 4.477977225879917  
round 62   (3.8450479903737054, ([0.04356368066551197, 0.08048504434280601, -0.9331029094657304, -0.06700173848074154, 0.9899347493136126, 0.012550400696357933], [-0.5573865701723066, 0.5737317799497863, -0.7953602754247955, 0.9918851480039386, -0.8114113424844109, 0.9532034803588676]))  
round 62  average_fit 4.4474957553478385  
round 63   (3.841135718408763, ([0.04356368066551197, 0.08048504434280601, -0.9331029094657304, -0.06700173848074154, 0.9899347493136126, 0.012550400696357933], [-0.5573865701723066, 0.5737317799497863, -0.7953602754247955, 0.9918851480039386, -0.8114113424844109, 0.9532034803588676]))  
round 63  average_fit 4.586179984678764  
round 64   (3.793967580727723, ([0.04356368066551197, 0.08048504434280601, -0.9331029094657304, -0.06700173848074154, 0.9899347493136126, 0.012550400696357933], [-0.5573865701723066, 0.5737317799497863, -0.7953602754247955, 0.9918851480039386, -0.8114113424844109, 0.9532034803588676]))  
round 64  average_fit 4.40753788983701  
round 65   (3.762752995216467, ([0.04356368066551197, 0.08048504434280601, -0.9331029094657304, -0.06700173848074154, 0.9899347493136126, 0.012550400696357933], [-0.5573865701723066, 0.5737317799497863, -0.7953602754247955, 0.9918851480039386, -0.8114113424844109, 0.9532034803588676]))  
round 65  average_fit 4.34922309527157  
round 66   (3.7531234783877565, ([0.04356368066551197, 0.08048504434280601, -0.9331029094657304, -0.06700173848074154, 0.9899347493136126, 0.012550400696357933], [-0.5573865701723066, 0.5737317799497863, -0.7953602754247955, 0.9918851480039386, -0.8114113424844109, 0.9532034803588676]))  
round 66  average_fit 4.397745365226576  
round 67   (3.749816121832258, ([0.04356368066551197, 0.08048504434280601, -0.9331029094657304, -0.06700173848074154, 0.9899347493136126, 0.012550400696357933], [-0.5573865701723066, 0.5737317799497863, -0.7953602754247955, 0.9918851480039386, -0.8114113424844109, 0.9532034803588676]))  
round 67  average_fit 4.253128372106095  
round 68   (3.749816121832258, ([0.04356368066551197, 0.08048504434280601, -0.9331029094657304, -0.06700173848074154, 0.9899347493136126, 0.012550400696357933], [-0.5573865701723066, 0.5737317799497863, -0.7953602754247955, 0.9918851480039386, -0.8114113424844109, 0.9532034803588676]))  
round 68  average_fit 4.387271687263492  
round 69   (3.71474496948627, ([0.04356368066551197, 0.08048504434280601, -0.9331029094657304, -0.06700173848074154, 0.9899347493136126, 0.012550400696357933], [-0.5573865701723066, 0.5737317799497863, -0.7953602754247955, 0.9918851480039386, -0.8114113424844109, 0.9532034803588676]))  
round 69  average_fit 4.320163251461714  
round 70   (3.71474496948627, ([0.04356368066551197, 0.08048504434280601, -0.9331029094657304, -0.06700173848074154, 0.9899347493136126, 0.012550400696357933], [-0.5573865701723066, 0.5737317799497863, -0.7953602754247955, 0.9918851480039386, -0.8114113424844109, 0.9532034803588676]))  
round 70  average_fit 4.371439505704025  
round 71   (3.71474496948627, ([0.04356368066551197, 0.08048504434280601, -0.9331029094657304, -0.06700173848074154, 0.9899347493136126, 0.012550400696357933], [-0.5573865701723066, 0.5737317799497863, -0.7953602754247955, 0.9918851480039386, -0.8114113424844109, 0.9532034803588676]))  
round 71  average_fit 4.108938132365503  
round 72   (3.6969783244291783, ([0.04356368066551197, 0.08048504434280601, -0.9331029094657304, -0.06700173848074154, 0.9899347493136126, 0.012550400696357933], [-0.5573865701723066, 0.5737317799497863, -0.7953602754247955, 0.9918851480039386, -0.8114113424844109, 0.9532034803588676]))  
round 72  average_fit 4.33837814899807  
round 73   (3.71474496948627, ([0.04356368066551197, 0.08048504434280601, -0.9331029094657304, -0.06700173848074154, 0.9899347493136126, 0.012550400696357933], [-0.5573865701723066, 0.5737317799497863, -0.7953602754247955, 0.9918851480039386, -0.8114113424844109, 0.9532034803588676]))  
round 73  average_fit 4.308609405069926  
round 74   (3.71474496948627, ([0.04356368066551197, 0.08048504434280601, -0.9331029094657304, -0.06700173848074154, 0.9899347493136126, 0.012550400696357933], [-0.5573865701723066, 0.5737317799497863, -0.7953602754247955, 0.9918851480039386, -0.8114113424844109, 0.9532034803588676]))  
round 74  average_fit 4.381975117247891  
round 75   (3.6969783244291783, ([0.04356368066551197, 0.08048504434280601, -0.9331029094657304, -0.06700173848074154, 0.9899347493136126, 0.012550400696357933], [-0.5573865701723066, 0.5737317799497863, -0.7953602754247955, 0.9918851480039386, -0.8114113424844109, 0.9532034803588676]))  
round 75  average_fit 4.111119610040976  
round 76   (3.71474496948627, ([0.04356368066551197, 0.08048504434280601, -0.9331029094657304, -0.06700173848074154, 0.9899347493136126, 0.012550400696357933], [-0.5573865701723066, 0.5737317799497863, -0.7953602754247955, 0.9918851480039386, -0.8114113424844109, 0.9532034803588676]))  
round 76  average_fit 4.3427879825816875  
round 77   (3.71474496948627, ([0.04356368066551197, 0.08048504434280601, -0.9331029094657304, -0.06700173848074154, 0.9899347493136126, 0.012550400696357933], [-0.5573865701723066, 0.5737317799497863, -0.7953602754247955, 0.9918851480039386, -0.8114113424844109, 0.9532034803588676]))  
round 77  average_fit 4.309713449456308  
round 78   (3.5423235939908313, ([-0.3075642742251361, 0.35447681945443343, -0.3091700371313575, 0.3677467519030311, 0.3117056883529534, -0.08562078555407937], [-0.7652802905235723, 0.5737317799497863, -0.8011799972972542, -0.3701297802716317, 0.3531388959875523, 0.5770515224744572]))  
round 78  average_fit 4.358344466653313  
round 78   (3.71474496948627, ([-0.3075642742251361, 0.35447681945443343, -0.3091700371313575, 0.3677467519030311, 0.3117056883529534, -0.08562078555407937], [-0.7652802905235723, 0.5737317799497863, -0.8011799972972542, -0.3701297802716317, 0.3531388959875523, 0.577051522474457]))  
round 78  average_fit 4.374037175742976  
