round 60   (3.8360659774428063, ([0.01572449274191734, 0.14869836734328823, 0.14635445151397874, -0.10099314619463406, 0.9446012415816385, -0.24579815907860048], [-0.45543881776504613, 0.47418763966487476, -0.7650624672883508, -0.18307031542298646, -0.09853968241407163, -0.86592018205992]))  
round 60  average_fit 4.365998955574001  
round 60   (3.90566856644673, ([0.01572449274191734, 0.14869836734328823, 0.14635445151397874, -0.10099314619463406, 0.9446012415816385, -0.24579815907860048], [-0.45543881776504613, 0.47418763966487476, -0.7650624672883508, -0.18307031542298646, -0.09853968241407163, -0.86592018205992]))  
round 60  average_fit 4.369383008728871  
round 61   (3.8360659774428063, ([0.01572449274191734, 0.14869836734328823, 0.14635445151397874, -0.10099314619463406, 0.9446012415816385, -0.24579815907860048], [-0.45543881776504613, 0.47418763966487476, -0.7650624672883508, -0.18307031542298646, -0.09853968241407163, -0.86592018205992]))  
round 61  average_fit 4.273463210100222  
round 62   (3.8360659774428063, ([0.01572449274191734, 0.14869836734328823, 0.14635445151397874, -0.10099314619463406, 0.9446012415816385, -0.24579815907860048], [-0.45543881776504613, 0.47418763966487476, -0.7650624672883508, -0.18307031542298646, -0.09853968241407163, -0.86592018205992]))  
round 62  average_fit 4.079273681445634  
round 63   (3.8360659774428063, ([0.01572449274191734, 0.14869836734328823, 0.14635445151397874, -0.10099314619463406, 0.9446012415816385, -0.24579815907860048], [-0.45543881776504613, 0.47418763966487476, -0.7650624672883508, -0.18307031542298646, -0.09853968241407163, -0.86592018205992]))  
round 63  average_fit 4.095545587843444  
round 64   (3.8360659774428063, ([0.01572449274191734, 0.14869836734328823, 0.14635445151397874, -0.10099314619463406, 0.9446012415816385, -0.24579815907860048], [-0.45543881776504613, 0.47418763966487476, -0.7650624672883508, -0.18307031542298646, -0.09853968241407163, -0.86592018205992]))  
round 64  average_fit 4.123037516932271  
round 65   (3.8360659774428063, ([0.01572449274191734, 0.14869836734328823, 0.14635445151397874, -0.10099314619463406, 0.9446012415816385, -0.24579815907860048], [-0.45543881776504613, 0.47418763966487476, -0.7650624672883508, -0.18307031542298646, -0.09853968241407163, -0.86592018205992]))  
round 65  average_fit 4.228368445020266  
round 66   (3.8360659774428063, ([0.01572449274191734, 0.14869836734328823, 0.14635445151397874, -0.10099314619463406, 0.9446012415816385, -0.24579815907860048], [-0.45543881776504613, 0.47418763966487476, -0.7650624672883508, -0.18307031542298646, -0.09853968241407163, -0.86592018205992]))  
round 66  average_fit 4.146066358668913  
round 67   (3.728175093073761, ([0.01572449274191734, 0.14869836734328823, 0.14635445151397874, -0.10099314619463406, 0.9446012415816385, -0.24579815907860048], [-0.45543881776504613, 0.47418763966487476, -0.5666106680949641, -0.3159750150093912, -0.3755588121514184, 0.80414508259306]))  
round 67  average_fit 4.238666776134487  
round 68   (3.8360659774428063, ([0.01572449274191734, 0.14869836734328823, 0.14635445151397874, -0.10099314619463406, 0.9446012415816385, -0.24579815907860048], [-0.45543881776504613, 0.47418763966487476, -0.5666106680949641, -0.3159750150093912, -0.3755588121514184, 0.80414508259306]))  
round 68  average_fit 4.219643860760381  
round 69   (3.8360659774428063, ([0.01572449274191734, 0.14869836734328823, 0.14635445151397874, -0.10099314619463406, 0.9446012415816385, -0.24579815907860048], [-0.45543881776504613, 0.47418763966487476, -0.5666106680949641, -0.3159750150093912, -0.3755588121514184, 0.80414508259306]))  
round 69  average_fit 4.32894069926089  
round 70   (3.7321830920418417, ([0.01572449274191734, 0.14869836734328823, 0.14635445151397874, -0.10099314619463406, 0.9446012415816385, -0.24579815907860048], [-0.45543881776504613, 0.47418763966487476, -0.5666106680949641, -0.3159750150093912, -0.3755588121514184, 0.80414508259306]))  
round 70  average_fit 4.21227638625241  
round 71   (3.710440898058903, ([0.01572449274191734, 0.14869836734328823, 0.14635445151397874, -0.10099314619463406, 0.9446012415816385, -0.24579815907860048], [-0.45543881776504613, 0.47418763966487476, -0.5666106680949641, -0.3159750150093912, -0.3755588121514184, 0.80414508259306]))  
round 71  average_fit 4.27320258003513  
round 72   (3.710440898058903, ([0.01572449274191734, 0.14869836734328823, 0.14635445151397874, -0.10099314619463406, 0.9446012415816385, -0.24579815907860048], [-0.45543881776504613, 0.47418763966487476, -0.5666106680949641, -0.3159750150093912, -0.3755588121514184, 0.80414508259306]))  
round 72  average_fit 4.338164165761279  
round 73   (3.710440898058903, ([0.01572449274191734, 0.14869836734328823, 0.14635445151397874, -0.10099314619463406, 0.9446012415816385, -0.24579815907860048], [-0.45543881776504613, 0.47418763966487476, -0.5666106680949641, -0.3159750150093912, -0.3755588121514184, 0.80414508259306]))  
round 73  average_fit 4.213195323312999  
round 74   (3.675035278116611, ([0.01572449274191734, 0.14869836734328823, 0.14635445151397874, -0.10099314619463406, 0.9446012415816385, -0.24579815907860048], [-0.45543881776504613, 0.47418763966487476, -0.5666106680949641, -0.3159750150093912, -0.3755588121514184, 0.80414508259306]))  
round 74  average_fit 4.318656152854601  
round 75   (3.6170626989905426, ([0.01572449274191734, 0.14869836734328823, 0.14635445151397874, -0.10099314619463406, 0.9446012415816385, -0.24579815907860048], [-0.45543881776504613, 0.47418763966487476, -0.5666106680949641, -0.3159750150093912, -0.3755588121514184, 0.80414508259306]))  
round 75  average_fit 4.532848330004226  
round 76   (3.5406800634652824, ([0.01572449274191734, 0.14869836734328823, 0.14635445151397874, -0.10099314619463406, 0.9446012415816385, -0.24579815907860048], [-0.5320141831812251, 0.47418763966487476, -0.7650624672883508, -0.3159750150093912, -0.3755588121514184, -0.62072399567697]))  
round 76  average_fit 4.341748776058083  
round 77   (3.5479345988497486, ([0.01572449274191734, 0.14869836734328823, 0.14635445151397874, -0.10099314619463406, 0.9446012415816385, -0.24579815907860048], [-0.5320141831812251, 0.47418763966487476, -0.7650624672883508, -0.3159750150093912, -0.3755588121514184, -0.62072399567697]))  
round 77  average_fit 4.084546492962858  
round 78   (3.5406800634652824, ([0.01572449274191734, 0.14869836734328823, 0.14635445151397874, -0.10099314619463406, 0.9446012415816385, -0.24579815907860048], [-0.5320141831812251, 0.47418763966487476, -0.7650624672883508, -0.3159750150093912, -0.3755588121514184, -0.62072399567697]))  
round 78  average_fit 3.993258160322123  
round 79   (3.507241164115513, ([0.01572449274191734, 0.14869836734328823, 0.14635445151397874, -0.10099314619463406, 0.9446012415816385, -0.24579815907860048], [-0.5320141831812251, 0.47418763966487476, -0.7650624672883508, -0.3159750150093912, -0.3755588121514184, -0.62072399567697]))  
round 79  average_fit 4.396821456177858  
round 80   (3.449382622342913, ([0.01572449274191734, 0.14869836734328823, 0.14635445151397874, -0.10099314619463406, 0.9446012415816385, -0.24579815907860048], [-0.5320141831812251, 0.47418763966487476, -0.7650624672883508, -0.3159750150093912, -0.3755588121514184, -0.62072399567697]))  
round 80  average_fit 4.249157702688672  
round 81   (3.471883049655112, ([0.01572449274191734, 0.14869836734328823, 0.14635445151397874, -0.10099314619463406, 0.9446012415816385, -0.24579815907860048], [-0.5320141831812251, 0.47418763966487476, -0.7650624672883508, -0.3159750150093912, -0.3755588121514184, -0.62072399567697]))  
round 81  average_fit 4.122659456928407  
round 82   (3.449382622342913, ([0.01572449274191734, 0.14869836734328823, 0.14635445151397874, -0.10099314619463406, 0.9446012415816385, -0.24579815907860048], [-0.5320141831812251, 0.47418763966487476, -0.7650624672883508, -0.3159750150093912, -0.3755588121514184, -0.62072399567697]))  
round 82  average_fit 4.326694213586979  
round 83   (3.449382622342913, ([0.01572449274191734, 0.14869836734328823, 0.14635445151397874, -0.10099314619463406, 0.9446012415816385, -0.24579815907860048], [-0.5320141831812251, 0.47418763966487476, -0.7650624672883508, -0.3159750150093912, -0.3755588121514184, -0.62072399567697]))  
round 83  average_fit 3.850129381065353  
round 84   (3.449382622342913, ([0.01572449274191734, 0.14869836734328823, 0.14635445151397874, -0.10099314619463406, 0.9446012415816385, -0.24579815907860048], [-0.5320141831812251, 0.47418763966487476, -0.7650624672883508, -0.3159750150093912, -0.3755588121514184, -0.62072399567697]))  
round 84  average_fit 3.7071978863837267  
round 85   (3.449382622342913, ([0.01572449274191734, 0.14869836734328823, 0.14635445151397874, -0.10099314619463406, 0.9446012415816385, -0.24579815907860048], [-0.5320141831812251, 0.47418763966487476, -0.7650624672883508, -0.3159750150093912, -0.3755588121514184, -0.62072399567697]))  
round 85  average_fit 3.816268477808554  
round 86   (3.449382622342913, ([0.01572449274191734, 0.14869836734328823, 0.14635445151397874, -0.10099314619463406, 0.9446012415816385, -0.24579815907860048], [-0.5320141831812251, 0.47418763966487476, -0.7650624672883508, -0.3159750150093912, -0.3755588121514184, -0.62072399567697]))  
round 86  average_fit 3.735345611194875  
round 87   (3.449382622342913, ([0.01572449274191734, 0.14869836734328823, 0.14635445151397874, -0.10099314619463406, 0.9446012415816385, -0.24579815907860048], [-0.5320141831812251, 0.47418763966487476, -0.7650624672883508, -0.3159750150093912, -0.3755588121514184, -0.62072399567697]))  
round 87  average_fit 3.7432624101068757  
round 88   (3.449382622342913, ([0.01572449274191734, 0.14869836734328823, 0.14635445151397874, -0.10099314619463406, 0.9446012415816385, -0.24579815907860048], [-0.5320141831812251, 0.47418763966487476, -0.7650624672883508, -0.3159750150093912, -0.3755588121514184, -0.62072399567697]))  
round 88  average_fit 3.7565146844095887  
round 89   (3.449382622342913, ([0.01572449274191734, 0.14869836734328823, 0.14635445151397874, -0.10099314619463406, 0.9446012415816385, -0.24579815907860048], [-0.5320141831812251, 0.47418763966487476, -0.7650624672883508, -0.3159750150093912, -0.3755588121514184, -0.62072399567697]))  
round 89  average_fit 3.7165095970207336  
round 90   (3.449382622342913, ([0.01572449274191734, 0.14869836734328823, 0.14635445151397874, -0.10099314619463406, 0.9446012415816385, -0.24579815907860048], [-0.5320141831812251, 0.47418763966487476, -0.7650624672883508, -0.3159750150093912, -0.3755588121514184, -0.62072399567697]))  
round 90  average_fit 3.715721341612805  
round 91   (3.449382622342913, ([0.01572449274191734, 0.14869836734328823, 0.14635445151397874, -0.10099314619463406, 0.9446012415816385, -0.24579815907860048], [-0.5776561928692958, 0.47418763966487476, -0.5666106680949641, -0.3159750150093912, -0.3755588121514184, -0.8622277423447426]))  
round 91  average_fit 3.753071373991859  
round 92   (3.449382622342913, ([0.01572449274191734, 0.14869836734328823, 0.14635445151397874, -0.10099314619463406, 0.9446012415816385, -0.24579815907860048], [-0.5776561928692958, 0.47418763966487476, -0.5666106680949641, -0.3159750150093912, -0.3755588121514184, -0.8622277423447426]))  
round 92  average_fit 3.860286923735447  
round 93   (3.449382622342913, ([0.01572449274191734, 0.14869836734328823, 0.14635445151397874, -0.10099314619463406, 0.9446012415816385, -0.24579815907860048], [-0.5776561928692958, 0.47418763966487476, -0.5666106680949641, -0.3159750150093912, -0.3755588121514184, -0.8622277423447426]))  
round 93  average_fit 3.874236677785123  
round 94   (3.449382622342913, ([0.01572449274191734, 0.14869836734328823, 0.14635445151397874, -0.10099314619463406, 0.9446012415816385, -0.24579815907860048], [-0.5776561928692958, 0.47418763966487476, -0.5666106680949641, -0.3159750150093912, -0.3755588121514184, -0.8622277423447426]))  
round 94  average_fit 3.7409308749118115  
round 95   (3.449382622342913, ([0.01572449274191734, 0.14869836734328823, 0.14635445151397874, -0.10099314619463406, 0.9446012415816385, -0.24579815907860048], [-0.5776561928692958, 0.47418763966487476, -0.5666106680949641, -0.3159750150093912, -0.3755588121514184, -0.8622277423447426]))  
round 95  average_fit 3.718837235531371  
round 96   (3.449382622342913, ([0.01572449274191734, 0.14869836734328823, 0.14635445151397874, -0.10099314619463406, 0.9446012415816385, -0.24579815907860048], [-0.5776561928692958, 0.47418763966487476, -0.5666106680949641, -0.3159750150093912, -0.3755588121514184, -0.8622277423447426]))  
round 96  average_fit 3.7667191503488464  
round 97   (3.449382622342913, ([0.01572449274191734, 0.14869836734328823, 0.14635445151397874, -0.10099314619463406, 0.9446012415816385, -0.24579815907860048], [-0.5776561928692958, 0.47418763966487476, -0.5666106680949641, -0.3159750150093912, -0.3755588121514184, -0.8622277423447426]))  
round 97  average_fit 3.816874637864818  
round 98   (3.449382622342913, ([0.01572449274191734, 0.14869836734328823, 0.14635445151397874, -0.10099314619463406, 0.9446012415816385, -0.24579815907860048], [-0.5776561928692958, 0.47418763966487476, -0.5666106680949641, -0.3159750150093912, -0.3755588121514184, -0.8622277423447426]))  
round 98  average_fit 3.7791999003571584  
round 99   (3.449382622342913, ([0.01572449274191734, 0.14869836734328823, 0.14635445151397874, -0.10099314619463406, 0.9446012415816385, -0.24579815907860048], [-0.5776561928692958, 0.47418763966487476, -0.5666106680949641, -0.3159750150093912, -0.3755588121514184, -0.8622277423447426]))  
round 99  average_fit 3.8209138595862817  
round 100   (3.449382622342913, ([0.01572449274191734, 0.14869836734328823, 0.14635445151397874, -0.10099314619463406, 0.9446012415816385, -0.24579815907860048], [-0.5776561928692958, 0.47418763966487476, -0.5666106680949641, -0.3159750150093912, -0.3755588121514184, -0.8622277423447426]))  
round 100  average_fit 3.7953130420870713  
round 101   (3.449382622342913, ([0.01572449274191734, 0.14869836734328823, 0.14635445151397874, -0.10099314619463406, 0.9446012415816385, -0.24579815907860048], [-0.5776561928692958, 0.47418763966487476, -0.5666106680949641, -0.3159750150093912, -0.3755588121514184, -0.8622277423447426]))  
round 101  average_fit 3.794020814468783  
round 102   (3.449382622342913, ([0.01572449274191734, 0.14869836734328823, 0.14635445151397874, -0.10099314619463406, 0.9446012415816385, -0.24579815907860048], [-0.5776561928692958, 0.47418763966487476, -0.5666106680949641, -0.3159750150093912, -0.3755588121514184, -0.8622277423447426]))  
round 102  average_fit 3.9883778282570983  
round 103   (3.449382622342913, ([0.01572449274191734, 0.14869836734328823, 0.14635445151397874, -0.10099314619463406, 0.9446012415816385, -0.24579815907860048], [-0.5776561928692958, 0.5186606446810911, -0.5666106680949641, 0.5968141251323176, -0.3755588121514184, -0.8622277423447426]))  
round 103  average_fit 3.68375190975355  
round 104   (3.449382622342913, ([0.01572449274191734, 0.14869836734328823, 0.14635445151397874, -0.10099314619463406, 0.9446012415816385, -0.24579815907860048], [-0.5776561928692958, 0.5186606446810911, -0.5666106680949641, 0.5968141251323176, -0.3755588121514184, -0.8622277423447426]))  
round 104  average_fit 3.908756264816116  
round 105   (3.449382622342913, ([0.01572449274191734, 0.14869836734328823, 0.14635445151397874, -0.10099314619463406, 0.9446012415816385, -0.24579815907860048], [-0.5776561928692958, 0.5186606446810911, -0.5666106680949641, 0.5968141251323176, -0.3755588121514184, -0.862227742344742]))  
round 105  average_fit 3.860089192343322





round 101   (4.438688898672053, ([-0.2191131679165259, -0.3439265901387305, 0.015423499153895293, 0.1979596221692801, 0.19508515676110383, 0.009682903022187439], [-0.8158389852962877, 0.7621027543414551, -0.8112598619693807, 0.46601111898331515, 0.44529409784598206, -0.61893174304557]))  
round 101  average_fit 4.643874554148292  
round 102   (4.438688898672053, ([-0.2191131679165259, -0.3439265901387305, 0.015423499153895293, 0.35654393098282244, 0.19508515676110383, 0.009682903022187439], [-0.9219480521028645, 0.7621027543414551, -0.7620474845807588, 0.2309983870576897, -0.8523434921725714, -0.921644577911452]))  
round 102  average_fit 4.583191094076541  
round 103   (4.438688898672053, ([-0.2191131679165259, -0.3439265901387305, 0.015423499153895293, 0.35654393098282244, 0.19508515676110383, 0.009682903022187439], [-0.9219480521028645, 0.7621027543414551, -0.7620474845807588, 0.2309983870576897, -0.8523434921725714, -0.921644577911452]))  
round 103  average_fit 4.698989934033093  
round 104   (4.438688898672053, ([-0.2191131679165259, -0.3439265901387305, 0.015423499153895293, 0.35654393098282244, 0.19508515676110383, 0.009682903022187439], [-0.9219480521028645, 0.7621027543414551, -0.7620474845807588, 0.2309983870576897, -0.8523434921725714, -0.921644577911452]))  
round 104  average_fit 4.620697986019973  
round 105   (4.168990919808366, ([-0.2191131679165259, -0.3439265901387305, 0.015423499153895293, 0.35654393098282244, 0.19508515676110383, 0.009682903022187439], [-0.9219480521028645, 0.7621027543414551, -0.7620474845807588, 0.2309983870576897, -0.8523434921725714, -0.921644577911452]))  
round 105  average_fit 4.722346078638593  
round 106   (4.122438300455121, ([-0.2191131679165259, -0.3439265901387305, 0.015423499153895293, 0.35654393098282244, 0.19508515676110383, 0.009682903022187439], [-0.9219480521028645, 0.7621027543414551, -0.7620474845807588, 0.2309983870576897, -0.8523434921725714, -0.921644577911452]))  
round 106  average_fit 4.728179450756689  
round 107   (4.137553397027977, ([-0.2191131679165259, -0.3439265901387305, 0.015423499153895293, 0.35654393098282244, 0.19508515676110383, 0.009682903022187439], [-0.9219480521028645, 0.7621027543414551, -0.7620474845807588, 0.2309983870576897, -0.8523434921725714, -0.921644577911452]))  
round 107  average_fit 4.671654529168513  
round 108   (4.02890030780682, ([-0.2191131679165259, -0.3439265901387305, 0.015423499153895293, 0.35654393098282244, 0.19508515676110383, 0.009682903022187439], [-0.9219480521028645, 0.7621027543414551, -0.7620474845807588, 0.2309983870576897, -0.8523434921725714, -0.921644577911452]))  
round 108  average_fit 4.456637246299044  
round 109   (4.014134151654759, ([-0.5784216308853134, -0.3439265901387305, 0.015423499153895293, 0.2154071432330973, 0.16975703751299842, 0.009682903022187439], [-0.9219480521028645, 0.8594191174199255, -0.8112598619693807, -0.7981123533550065, -0.14313688553267, 0.868891379764705]))  
round 109  average_fit 4.642409368286106  
round 110   (3.9245589906741296, ([-0.5784216308853134, -0.3439265901387305, 0.015423499153895293, 0.2154071432330973, 0.16975703751299842, 0.009682903022187439], [-0.9219480521028645, 0.8594191174199255, -0.8112598619693807, -0.7981123533550065, -0.14313688553267, 0.868891379764705]))  
round 110  average_fit 4.709713987648805  
round 111   (3.878620162396365, ([-0.5784216308853134, -0.3439265901387305, 0.015423499153895293, 0.2154071432330973, 0.16975703751299842, 0.009682903022187439], [-0.9219480521028645, 0.8594191174199255, -0.8112598619693807, -0.7981123533550065, -0.14313688553267, 0.868891379764705]))  
round 111  average_fit 4.52615704969695  
round 112   (3.8397430105364156, ([0.016779830358950143, -0.3439265901387305, 0.015423499153895293, 0.2154071432330973, 0.19508515676110383, 0.009682903022187439], [-0.9219480521028645, 0.7621027543414551, -0.7620474845807588, -0.7981123533550065, -0.14313688553267, 0.868891379764705]))  
round 112  average_fit 4.789560213367588  
round 113   (3.8405586756794685, ([0.016779830358950143, -0.3439265901387305, 0.015423499153895293, 0.2154071432330973, 0.19508515676110383, 0.009682903022187439], [-0.9219480521028645, 0.7621027543414551, -0.7620474845807588, -0.7981123533550065, -0.14313688553267, 0.868891379764705]))  
round 113  average_fit 4.551675447050334  
round 114   (3.7846710131416406, ([0.016779830358950143, -0.3439265901387305, 0.015423499153895293, 0.2154071432330973, 0.19508515676110383, 0.009682903022187439], [-0.9219480521028645, 0.7621027543414551, -0.7620474845807588, -0.7981123533550065, -0.14313688553267, 0.868891379764705]))  
round 114  average_fit 4.480944191799826  
round 115   (3.6431790548096687, ([0.016779830358950143, -0.3439265901387305, 0.015423499153895293, 0.2154071432330973, 0.19508515676110383, 0.009682903022187439], [-0.9219480521028645, 0.7621027543414551, -0.7620474845807588, -0.7981123533550065, -0.14313688553267, 0.868891379764705]))  
round 115  average_fit 4.53169180242663  
round 116   (3.6556912682021725, ([0.016779830358950143, -0.3439265901387305, 0.015423499153895293, 0.2154071432330973, 0.19508515676110383, 0.009682903022187439], [-0.9219480521028645, 0.7621027543414551, -0.7620474845807588, -0.7981123533550065, -0.14313688553267, 0.868891379764705]))  
round 116  average_fit 4.710287202224783  
round 117   (3.6431790548096687, ([0.016779830358950143, -0.3439265901387305, 0.015423499153895293, 0.2154071432330973, 0.19508515676110383, 0.009682903022187439], [-0.9219480521028645, 0.7621027543414551, -0.7620474845807588, -0.7981123533550065, -0.14313688553267, 0.868891379764705]))  
round 117  average_fit 4.728480809163186  
round 118   (3.61803390423459, ([0.016779830358950143, -0.3439265901387305, 0.015423499153895293, 0.2154071432330973, 0.19508515676110383, 0.009682903022187439], [-0.9219480521028645, 0.7621027543414551, -0.7620474845807588, -0.7981123533550065, -0.14313688553267, 0.868891379764705]))  
round 118  average_fit 4.575471171087454  
round 119   (3.492722648627873, ([0.016779830358950143, -0.3439265901387305, 0.015423499153895293, 0.2154071432330973, 0.19508515676110383, 0.009682903022187439], [-0.9219480521028645, 0.7621027543414551, -0.7620474845807588, -0.7981123533550065, -0.14313688553267, 0.868891379764705]))  
round 119  average_fit 4.6287981426434035  
round 120   (3.470400589007421, ([0.016779830358950143, -0.3439265901387305, 0.015423499153895293, 0.2154071432330973, 0.19508515676110383, 0.009682903022187439], [-0.9219480521028645, 0.7621027543414551, -0.7620474845807588, -0.7981123533550065, -0.14313688553267, 0.868891379764705]))  
round 120  average_fit 4.442956366372561  
round 121   (3.4600589301528024, ([0.016779830358950143, -0.3439265901387305, 0.015423499153895293, 0.2154071432330973, 0.19508515676110383, 0.009682903022187439], [-0.9219480521028645, 0.7621027543414551, -0.7620474845807588, -0.7981123533550065, -0.14313688553267, 0.868891379764705]))  
round 121  average_fit 4.312658008298731  
round 122   (3.3487999267580113, ([0.016779830358950143, -0.3439265901387305, 0.015423499153895293, 0.2154071432330973, 0.19508515676110383, 0.009682903022187439], [-0.9219480521028645, 0.7621027543414551, -0.7620474845807588, -0.7981123533550065, -0.14313688553267, 0.868891379764705]))  
round 122  average_fit 4.290782349266884  
round 123   (3.338353248301386, ([0.016779830358950143, -0.3439265901387305, 0.015423499153895293, 0.2154071432330973, 0.19508515676110383, 0.009682903022187439], [-0.9219480521028645, 0.7621027543414551, -0.7620474845807588, -0.7981123533550065, -0.14313688553267, 0.868891379764705]))  
round 123  average_fit 4.249115920376775  
round 124   (3.341476690773684, ([0.016779830358950143, -0.3439265901387305, 0.015423499153895293, 0.2154071432330973, 0.19508515676110383, 0.009682903022187439], [-0.9219480521028645, 0.7621027543414551, -0.7620474845807588, -0.7981123533550065, -0.14313688553267, 0.868891379764705]))  
round 124  average_fit 3.9283725825263374  
round 125   (3.234407138133856, ([0.016779830358950143, -0.3439265901387305, 0.015423499153895293, 0.2154071432330973, 0.19508515676110383, 0.009682903022187439], [-0.9219480521028645, 0.7621027543414551, -0.7620474845807588, -0.7981123533550065, -0.14313688553267, 0.868891379764705]))  
round 125  average_fit 3.9893303847474364  
round 126   (3.0677791656040343, ([0.016779830358950143, -0.3439265901387305, 0.015423499153895293, 0.2154071432330973, 0.19508515676110383, 0.009682903022187439], [-0.9219480521028645, 0.7621027543414551, -0.7620474845807588, -0.7981123533550065, -0.14313688553267, 0.868891379764705]))  
round 126  average_fit 3.916284845624468  
round 127   (3.034807416084213, ([0.016779830358950143, -0.3439265901387305, 0.015423499153895293, 0.2154071432330973, 0.19508515676110383, 0.009682903022187439], [-0.9219480521028645, 0.7621027543414551, -0.7620474845807588, -0.7981123533550065, -0.14313688553267, 0.868891379764705]))  
round 127  average_fit 3.6402021793112493  
round 128   (2.981284664588808, ([0.016779830358950143, -0.3439265901387305, 0.015423499153895293, 0.2154071432330973, 0.19508515676110383, 0.009682903022187439], [-0.9219480521028645, 0.7621027543414551, -0.7620474845807588, -0.7981123533550065, -0.14313688553267, 0.868891379764705]))  
round 128  average_fit 3.7499797519209475  
round 129   (2.9473718357042706, ([0.016779830358950143, -0.3439265901387305, 0.015423499153895293, 0.2154071432330973, 0.19508515676110383, 0.009682903022187439], [-0.9219480521028645, 0.7621027543414551, -0.7620474845807588, -0.7981123533550065, -0.14313688553267, 0.868891379764705]))  
round 129  average_fit 3.5730197875791547  
round 130   (2.8748137391457416, ([0.016779830358950143, -0.3439265901387305, 0.015423499153895293, 0.2154071432330973, 0.19508515676110383, 0.009682903022187439], [-0.9219480521028645, 0.7621027543414551, -0.7620474845807588, -0.7981123533550065, -0.14313688553267, 0.868891379764705]))  
round 130  average_fit 3.6394131372677125  
round 131   (2.8094997406210056, ([0.016779830358950143, -0.3439265901387305, 0.015423499153895293, 0.2154071432330973, 0.19508515676110383, 0.009682903022187439], [-0.9219480521028645, 0.7621027543414551, -0.7620474845807588, -0.7981123533550065, -0.14313688553267, 0.868891379764705]))  
round 131  average_fit 3.5527220497252054  
round 132   (2.8094997406210056, ([0.016779830358950143, -0.3439265901387305, 0.015423499153895293, 0.2154071432330973, 0.19508515676110383, 0.009682903022187439], [-0.9219480521028645, 0.7621027543414551, -0.7620474845807588, -0.7981123533550065, -0.14313688553267, 0.868891379764705]))  
round 132  average_fit 3.484476352213796  
round 133   (2.7681632961919407, ([0.016779830358950143, -0.3439265901387305, 0.015423499153895293, 0.2154071432330973, 0.19508515676110383, 0.009682903022187439], [-0.9219480521028645, 0.7621027543414551, -0.7620474845807588, -0.7981123533550065, -0.14313688553267, 0.868891379764705]))  
round 133  average_fit 3.8698943485949338  
round 134   (2.2677477313446275, ([0.016779830358950143, -0.26543611277685275, 0.015423499153895293, 0.2154071432330973, 0.19508515676110383, 0.009682903022187439], [-0.9219480521028645, 0.7621027543414551, -0.7620474845807588, -0.7981123533550065, -0.14313688553267, 0.6879567397314106]))  
round 134  average_fit 3.4913720073396814  
round 135   (2.7094141943064, ([0.016779830358950143, -0.26543611277685275, 0.015423499153895293, 0.21066865040353244, 0.19508515676110383, 0.009682903022187439], [-0.9219480521028645, 0.7621027543414551, -0.7620474845807588, 0.08662369406993697, 0.42696758594148787, 0.319365601070865]))  
round 135  average_fit 3.572992522221907  
round 136   (2.4727437882313046, ([0.016779830358950143, -0.26543611277685275, 0.015423499153895293, 0.21066865040353244, 0.19508515676110383, 0.009682903022187439], [-0.9219480521028645, 0.7621027543414551, -0.7620474845807588, 0.08662369406993697, 0.42696758594148787, 0.319365601070865]))  
round 136  average_fit 3.8474103517861837  
round 137   (2.255444205312124, ([0.016779830358950143, -0.26543611277685275, 0.015423499153895293, 0.21066865040353244, 0.19508515676110383, 0.009682903022187439], [-0.9219480521028645, 0.7621027543414551, -0.7620474845807588, 0.08662369406993697, 0.42696758594148787, 0.319365601070865]))  
round 137  average_fit 3.4236682339548756  
round 138   (2.255444205312124, ([0.016779830358950143, -0.26543611277685275, 0.015423499153895293, 0.21066865040353244, 0.19508515676110383, 0.009682903022187439], [-0.9219480521028645, 0.7621027543414551, -0.7620474845807588, 0.08662369406993697, 0.42696758594148787, 0.319365601070865]))  
round 138  average_fit 3.3831214224478563  
round 139   (2.198512763864338, ([0.016779830358950143, -0.26543611277685275, 0.015423499153895293, 0.21066865040353244, 0.19508515676110383, 0.009682903022187439], [-0.9219480521028645, 0.7621027543414551, -0.7620474845807588, 0.08662369406993697, 0.42696758594148787, 0.319365601070865]))  
round 139  average_fit 3.6092956878034244  
